10143 -100
10507 -100
11172 -100
11492 -100
3436 -100
11830 -100
12389 -100
12479 -100
13142 -100
13206 -100
13361 -100
17072 -100
17552 -100
17622 -100
17974 -100
18566 -100
20115 -100
21003 -100
210035 -100
22773 -100
23969 -100
24173 -100
28573 -100
30036 -100
32098 -100
33363 -100
3462 -100
3651 -100
39891 -100
45090 -100
45271 -100
4538 -100
45609 -100
45899 -100
47331 -100
4755 -100
4766 -100
4808 -100
48503 -100
54540 -100
55430 -100
6327 -100
6389 -100
7545 -100
7552 -100
8151 -100
8551 -100
9121 -100
9394 -100
9498 -100
9605 -100
9808 -100
9829 -100
8376 -100
8697 -100
4134 -100
38266 -100
24158 -100
22394 -100
52300 -100
26484 -100
56041 -100
13470 -100
54113 -100
7155 -100
39788 -100
45271 -100
22773 -100
55303 -100
134033 -100
7713 -100
4812 -100
43260
62240 -100
19661 -100
4837 -100
397881 -100
262729
36992 -100
7497 -100
17623 -100
132061 -100
17621 -100
12252 -100
265594 -100
28006 -100
26615 -100
22884 -100
136255 -100
27651 -100
4809 -100
134543 -100
25019 -100
22884 -100
61689 -100
61678 -100
263049 -100
135905 -100
11664  -100
6147 -100
4809 -100
43766 -100
265594 -100
131429 -100